2401.0
43046721.0
60466176.0
256.0
10077696.0
729.0
1.0
16807.0
1000000000.0
6561.0
0.0002
1.0
0.0
0.0
0.0001
0.125
0.0
0.125
0.0
0.001
1.0
1.0
1.0
1.0
1.0
1.0
1.0
1.0
1.0
1.0
2.6265
873464.0537
1173761.2099
157561819.7922
92681.9
194.0117
748954333.1735
128.0
831.7465
1.1962
0.0172
0.0002
0.2561
0.0
0.0001
0.0021
0.0
0.0045
0.0001
0.0
282475249.0
9.0
10000000000.0
-32768.0
1048576.0
64.0
81.0
100.0
-100000.0
-125.0
0.0004
-0.0
-0.0001
0.0002
-0.0001
1.0
0.0002
1.0
-1.0
-0.125
1.0
1.0
1.0
1.0
1.0
1.0
1.0
1.0
1.0
1.0
100.0
-823543.0
1296.0
-134217728.0
729.0
-32.0
-16807.0
-59049.0
-243.0
-19683.0
0.0039
-0.0
-0.008
-0.0
0.0
0.0
0.0008
-0.0
0.0
0.0
0.0
0.0
0.0
0.0
0.0
0.0
0.0
0.0
0.0
0.0
1.0
0.0
0.0
0.0
0.0
0.0
0.0
0.0
0.0
0.0
0.0
101559.9567
14507.146
0.9
3.6
28211.0991
40.841
1920390.8986
1024.0
0.0001
4521.2176
4.6296
0.2128
0.0002
0.0155
0.0
0.0
0.0
0.0254
0.0
0.4167
1.0
1.0
1.0
1.0
1.0
1.0
1.0
1.0
1.0
1.0
13.0321
262853.5354
267451.1924
2.429
1804.4578
25560749.5826
1.7118
0.0335
107.0272
203973.1852
0.125
0.0001
0.1253
0.0381
0.0
0.0933
0.0001
0.0
0.0013
0.1429
-0.4
22518.7539
-172.1037
-9320653.4791
-0.5905
-0.001
-1.3
6340.3381
-909512.0158
-286.2915
-0.4241
0.006
-0.137
-0.0
0.0016
-0.1818
0.0002
0.023
0.3349
0.0
1.0
1.0
1.0
1.0
1.0
1.0
1.0
1.0
1.0
1.0
941480.1494
43.56
164206.4902
-2.2
-59.319
325524355.101
-604.6618
1897.4736
90458.3822
-172709.485
-0.2703
-0.0006
0.2066
0.0
0.0016
-0.0
0.0021
0.006
0.0007
0.0126
